
EVa880,280|50,-950
EVa880,280|50,-950
EVa880,280|250,2350
EVa880,280|550,1150
EVa880,280|550,2550
EVg100,100|250,1850
EVa880,280|650,1650
EVb370,550|450,650
EVf100,100|350,1650
EVa880,280|950,1350
EVg100,100|650,1850
EVa100,100|650,1850
EVf100,100|650,2750
EVb100,100|650,3050
EVe100,100|750,950
EVe100,100|850,250
B0m|850,750
EVd100,100|850,1050
EVa100,100|850,2650
EVc100,100|850,3350
EVa880,280|1250,2050
B0f|950,750
B0f|1050,750
B0f|1150,750
EVf100,100|1150,1050
B0l|1250,750
EVc100,100|1250,1250
EVe100,100|1250,1750
EVa100,100|1350,50
EVc100,100|1350,3150
EVa880,280|1750,1650
EVa880,280|1750,2550
EVg100,100|1450,1050
EVb100,100|1450,1250
EVf100,100|1450,2450
EVe100,100|1450,2650
EVa100,100|1550,850
EVb100,100|1550,3050
EVa100,100|1650,150
EVa100,100|1650,950
EVc100,100|1650,2150
EVb100,100|1650,2650
EVa100,100|1750,1050
EVe100,100|1750,1350
EVa880,280|2150,2350
EVa100,100|1850,-150
EVa100,100|1850,750
EVb100,100|1850,850
EVd100,100|1850,1750
EVc100,100|1950,1250
EVa100,100|1950,2850
EVa100,100|2050,150
EVa100,100|2050,450
EVc100,100|2050,1050
EVd100,100|2050,2450
EVa100,100|2050,3050
EVc100,100|2050,3550
EVa880,280|2550,-350
EVa100,100|2250,350
EVa100,100|2250,650
EVa100,100|2250,850
EVa100,100|2250,1150
EVf100,100|2250,2050
EVe100,100|2250,2250
EVa880,280|2650,-250
EVa880,280|2650,450
EVa100,100|2350,-150
EVa880,280|2750,1550
EVg100,100|2450,2850
EVc100,100|2450,3150
EVd100,100|2450,3150
EVa880,280|2850,1450
EVa100,100|2550,50
EVa100,100|2550,550
EVa100,100|2550,750
EVg100,100|2550,2550
EVa100,100|2750,1050
EVg100,100|2750,2350
EVa100,100|2850,250
EVd100,100|2850,3650
EVa100,100|2950,550
EVe100,100|2950,2950
EVa100,100|3150,750
EVa880,280|3550,250
EVa100,100|3250,350
EVa880,280|3650,850
EVa880,220|3650,1050
EVf100,100|3350,2850
EVf100,100|3450,2750
EVa880,280|3850,2050
EVb100,100|3550,2150
EVe100,100|3550,3350
EVa880,280|4150,1450
EVa880,280|4350,50
EVa880,280|4350,1450
EVa880,280|4750,2150
EVa880,280|4950,250
EVa880,280|5450,1750
EVa880,280|5550,1150